MOOSTimeWarp = $(WARP)
LatOrigin  = 42.358456
LongOrigin = -71.087589
